256
7777000000000000000000000000000000000000000000000000000000000000000000000000000000007666000000000000000000000000000000000000000000000000000000000000000000000000000000009998000000000000000000000000000000000000000000000000000000000000000000000000000000003322
256
6666000000000000000000000000000000000000000000000000000000000000000000000000000000008888000000000000000000000000000000000000000000000000000000000000000000000000000000005555000000000000000000000000000000000000000000000000000000000000000000000000000000008888
256
4433000000000000000000000000000000000000000000000000000000000000000000000000000000007666000000000000000000000000000000000000000000000000000000000000000000000000000000007666000000000000000000000000000000000000000000000000000000000000000000000000000000009999
256
8777000000000000000000000000000000000000000000000000000000000000000000000000000000007766000000000000000000000000000000000000000000000000000000000000000000000000000000008777000000000000000000000000000000000000000000000000000000000000000000000000000000007777
256
1000554411110000000000000000000000000000000000000000000000000000000066655544110000001111666677770000000011116666000000000000100100000000000000000000111132221111000000001111666600000000000055440000000000000000000000000000000000000000100010000000000000002111
256
1100555411110000000000000000000000000000000000000000000000000000100066655555100000001111666677770000000011116666000000000000111000001111100000000000111133221111000000001111666600000000000055550000000000000000000000000000000000000000111111110000000000002211
256
7666000000000000000000000000000000000000000000000000000000000000000000000000000000008777000000000000000000000000000000000000000000000000000000000000000000000000000000008888000000000000000000000000000000000000000000000000000000000000000000000000000000006655
256
7766000000000000000000000000000000000000000000000000000000000000000000000000000000008877000000000000000000000000000000000000000000000000000000000000000000000000000000008888000000000000000000000000000000000000000000000000000000000000000000000000000000006666
256
6666000000000000000000000000000000000000000000000000000000000000000000000000000000008888000000000000000000000000000000000000000000000000000000000000000000000000000000008888000000000000000000000000000000000000000000000000000000000000000000000000000000005444
256
5544111100003222111144443222555400000000111133330000000000000000111111110000100011115555111144430000221155551111000000001111111100000000000000001111111100000000000043335544211100000000111111110000000000000000000000000000000000005555544400000000000033220000
256
5544000000000000000000000000000000000000000000000000000000000000000000000000000000008888000000000000000000000000000000000000000000000000000000000000000000000000000000008888000000000000000000000000000000000000000000000000000000000000000000000000000000004332
256
7777000000000000000000000000000000000000000000000000000000000000000000000000000000008888000000000000000000000000000000000000000000000000000000000000000000000000000000008888000000000000000000000000000000000000000000000000000000000000000000000000000000005555
256
7777000000000000000000000000000000000000000000000000000000000000000000000000000000008877000000000000000000000000000000000000000000000000000000000000000000000000000000008888000000000000000000000000000000000000000000000000000000000000000000000000000000004444
256
7666000000000000000000000000000000000000000000000000000000000000000000000000000000008888000000000000000000000000000000000000000000000000000000000000000000000000000000007777000000000000000000000000000000000000000000000000000000000000000000000000000000006666
256
4443000000000000000000000000000000000000000000000000000000000000000000000000000000008877000000000000000000000000000000000000000000000000000000000000000000000000000000009998000000000000000000000000000000000000000000000000000000000000000000000000000000004444
256
8888000000000000000000000000000000000000000000000000000000000000000000000000000000007777000000000000000000000000000000000000000000000000000000000000000000000000000000007777000000000000000000000000000000000000000000000000000000000000000000000000000000007766
